  0   0   0
 36   0   0
 28  24   8
 44  36  16
 60  52  24
 92   0   0
 72  64  32
 84  72  40
144   0   0
140  72  16
188   0   0
208 132  32
244 196 108
140 124  80
172 156 100
 12  12   8
 20  16  16
 28  28  28
 40  36  28
 44  44  44
 60  56  48
 56  56  56
 72  72  72
 88  80  72
100  88  52
 88  88  88
116 100  60
100 100 100
124 116 112
132 132 132
156 152 148
196 196 196
244 244 244
  8   4   4
 16   4   0
 24   8   4
 24  16   8
 28  20  16
 36  12   4
 32  24  12
 32  24  20
 44  16   8
 36  28  16
 40  32  12
 56   8   4
 48  28  16
 48  40  20
 64  20  12
 56  40  16
 72  12   4
 56  40  28
 76  32  12
 68  44  20
 64  44  32
 88  16   8
 72  52  32
 68  52  40
 84  40  28
 92  28  20
 92  36   8
 84  56  24
 84  56  36
108  24  16
104  44  16
 92  68  36
112  36  24
104  60  36
124  44  12
100  76  44
112  72   8
128  40  24
116  80  40
136  48  36
108  80  64
140  52  12
112  32 104
120  88  68
140  64  64
132  92  48
156  52  36
164  40  24
164  72  20
140 100  64
140 112  56
140 104  80
176  68  52
180  76  32
152 112  88
160 120  64
188  96  28
156 132  72
196  84  84
200 108  32
172 124  88
176 136  72
200 124  84
224 112  32
184 156  84
252  44   0
192 140 112
204 152  80
228 132  48
224 112 112
208 152 120
248 136  60
236 160  56
216 184 100
224 164 132
240 180  68
244 192  76
240 176 140
252 212  92
252 176 176
  4  36  16
 20  36  24
 32  60  24
 24  72  12
  0  68  48
 24 100   8
 36  92  36
 56  92  36
  8 108  68
 40 124  20
 64 116  52
 88 120  48
 52 156  28
112 132  56
 72 160  52
 88 144  76
 68 188  40
132 152  72
 96 184  76
 24 252   0
116 220  92
140 208 124
160 252 136
 12  12  40
 24  24  72
  0   0  88
 56  20  68
 16  36 104
 40  60 100
 40  40 120
 76  16 128
 56  76 132
 48  48 148
 72  96 140
 56  92 160
 80  80 172
 76 108 172
 84 120 188
 36  96 216
100 120 208
100 144 224
128 160 220
164  32 252
132 132 240
160 160 252
144 184 252
 88 140 144
104 160 164
132 192 196
152 208 212
168 204 252
204 244 244
192 160 128
196 192 168
224 196 148
252 232 116
196 252 176
252 228 164
252 252 196
  4   4   4
  8   8   8
 12  12  12
 16  16  16
 20  20  20
 24  24  24
 36  28  24
 32  32  32
 36  36  36
 40  40  40
 48  40  32
 48  48  48
 56  48  40
 52  52  52
 52  56  60
 68  56  52
 60  60  60
 76  60  48
 64  64  64
 68  64  60
 68  68  68
 80  72  60
 88  68  56
 76  76  76
 96  76  60
 52  88  92
 80  80  80
 84  84  84
 92  92  92
104  92  80
 96  96  96
 68 112 116
124 100  80
104 104 104
108 108 108
120 108  96
112 112 112
116 116 116
124 124 124
148 128 100
144 132 116
172 136 112
144 144 144
156 148 132
128 148 184
160 160 160
176 172 152
172 172 172
184 184 184
204 204 204
216 216 216
204 204 252
228 228 228
 16  24   8
 20  32  12
 28  36  12
 28  44  16
 36  44  20
  4  60  32
  8   8   4
 16  16  12
 20  20  16
 24  20  16
 24  24  20
 28  28  16
 28  28  24
 32  36  20
 32  32  28
 36  32  24
 36  36  32
 44  36  28
 40  40  36
 44  44  40
 48  52  28
 52  44  36
 52  52  44
 60  52  36
 68  60  44
 64  64  56
 72  72  64
 80  76  68
 92  88  80
108 104  92
255 255 255
